11
210,210,210,210,210,420,210,210,420,
210,210,210,210,210,420,210,210,420,
210,210,210,210,210,420,210,210,420,
210,210,210,210,210,420,210,210,420,
210,210,210,210,210,420,210,210,420,
210,210,210,210,210,420,210,210,420,
210,210,210,210,210,420,210,210,420,
210,210,210,210,210,420,210,210,420,
210,210,210,210,210,420,210,210,420,
210,210,210,210,210,420,210,210,420,
210,210,210,210,210,420,210,210,420,
210,210,210,210,210,420,210,210,420,
210,210,210,210,210,420,210,210,420,
210,210,210,210,210,420,210,210,420,
210,210,210,210,210,420,210,210,420,
210,210,210,210,210,420,210,210,420,
210,210,210,210,210,420,210,210,420,
210,210,210,210,210,420,210,210,420,
210,210,210,210,210,420,210,210,420,
210,210,210,210,210,420,210,210,420,
210,210,210,210,210,420,210,210,420,
210,210,210,210,210,420,210,210,420,
210,210

//13
840,1470,840,1470,840,1470,840,1470,840,2310,1470,840,1470,2310,840,1470,840,2310,1470,840,1470,2310,
840,1470,840,1470,840,1470,840,1470,840,2310,1470,840,1470,2310,840,1470,840,2310,1470,840,1470,2310,
840,1470,840,1470,840,1470,840,1470,840,2310,1470,840,1470,2310,840,1470,840,2310,1470,840,1470,2310,
840,1470,840,1470,840,1470,840,1470,840,2310,1470,840,1470,2310,840,1470,840,2310,1470,840,1470,2310,
840,1470,840,1470,840,1470,840,1470,840,2310,1470,840,1470,2310,840,1470,840,2310,1470,840,1470,2310,
840,1470,840,1470,840,1470,840,1470,840,2310,1470,840,1470,2310,840,1470,840,2310,1470,840,1470,2310,
840,1470,840,1470,840,1470,840,1470,840,2310,1470,840,1470,2310,840,1470,840,2310,1470,840,1470,2310,
840,1470,840,1470,840,1470,840,1470,840,2310,1470,840,1470,2310,840,1470,840,2310,1470,840,1470,2310,
840,1470,840,1470,840,1470,840,1470,840,2310,1470,840,1470,2310,840,1470,840,2310,1470,840,1470,2310,840,1470

5460,6090,5460,13020,5460,6090,5460,24570,18480,5460,6090,5460,13020,5460,6090,5460,13020,11550,18480,5460,6090,5460,13020,5460,6090,5460,13020,11550,5460,13020,5460,6090,5460,13020,5460,11550,13020,5460,6090,5460,13020,5460,6090,5460,18480,11550,13020,5460,6090,5460,13020,5460,6090,5460,18480,24570,5460,6090,5460,13020,5460,6090,5460,24570,18480,5460,6090,5460,13020,5460,6090,5460,13020,11550,18480,5460,6090,5460,13020,5460,6090,5460,13020,11550,5460,13020,5460,6090,5460,13020,5460,11550,13020,5460,6090,5460,13020,5460,6090,5460,18480,11550,13020,5460,6090,5460,13020,5460,6090,5460,18480,24570,5460,6090,5460,13020,5460,6090,5460,24570,18480,5460,6090,5460,13020,5460,6090,5460,13020,11550,18480,5460,6090,5460,13020,5460,6090,5460,13020,11550,5460,13020,5460,6090,5460,13020,5460,11550,13020,5460,6090,5460,13020,5460,6090,5460,18480,11550,13020,5460,6090,5460,13020,5460,6090,5460,18480,24570,5460,6090,5460,13020,5460,6090,5460,24570,18480,5460,6090,5460,13020,5460,6090,5460,13020,11550,18480,5460,6090,5460,13020,5460,6090,5460,13020,11550,5460,13020,5460,6090